JUAN
PROG0001
1
0
0
1
0
1
0
1
0
0
0
2
7650
1
7650
12
11
2023
1
----------
MARIANA
PROG0010
1
1
0
0
0
0
0
0
0
0
0
4
1200
1
1200
10
11
2023
1
-----------
JUAN
PROG0100
2
0
0
0
0
0
5
0
0
0
0
3
5100
0
5600
1
11
2023
0
----------
JUANA
PROG1000
2
0
0
0
0
0
2
2
0
0
0
4
6290
0
6790
11
11
2023
1
-----------
SUSANA
PROG0002
2
0
0
0
0
0
0
2
1
0
0
1
8075
1
8075
10
10
2023
1
------------------
JORGE
PROG0200
2
1
1
0
0
0
0
0
0
0
0
2
2250
1
2250
15
10
2023
1
--------------
JUAN
PROG2000
2
0
0
0
3
0
0
0
0
0
0
2
8400
1
8400
3
11
2023
1
------------------
DANIEL
PROG0003
1
0
0
0
0
0
0
1
1
1
0
1
9550
1
9550
11
10
2023
1
----------------
EUGENIA
PROG0030
1
0
0
0
0
0
0
0
0
1
2
1
7570
1
7570
11
11
2023
1
---------------
CECILIA
PROG0300
1
0
0
0
0
0
2
2
0
0
0
3
6290
1
6290
15
10
2023
1
--------------